#include "BlochEq_nEDMField.hh"

void BlochEq_nEDMField::init_Bx_pars()
{
  Bx_par[0] = 1.000055e+01;
  Bx_par[1] = -1.052386e-04;
  Bx_par[2] = -2.401136e-14;
  Bx_par[3] = -5.084945e-16;
  Bx_par[4] = 1.519697e-07;
  Bx_par[5] = -1.649167e-10;
  Bx_par[6] = -1.026990e-05;
  Bx_par[7] = 2.930144e-10;
  Bx_par[8] = -2.199719e-11;
  Bx_par[9] = 1.395244e-05;
  Bx_par[10] = 2.800753e-07;
  Bx_par[11] = -1.582518e-11;
  Bx_par[12] = 9.949580e-07;
  Bx_par[13] = -7.587551e-11;
  Bx_par[14] = 2.843367e-11;
  Bx_par[15] = -2.413848e-12;
  Bx_par[16] = 1.905496e-10;
  Bx_par[17] = 5.720104e-07;
  Bx_par[18] = -5.850363e-12;
  Bx_par[19] = 6.011397e-12;
  Bx_par[20] = 1.225566e-08;
  Bx_par[21] = -1.391096e-12;
  Bx_par[22] = -1.087678e-07;
  Bx_par[23] = -8.519141e-12;
  Bx_par[24] = -2.871045e-07;
  Bx_par[25] = 2.521768e-12;
  Bx_par[26] = -2.274391e-13;
  Bx_par[27] = 2.156212e-11;
  Bx_par[28] = -1.165320e-12;
  Bx_par[29] = -3.189531e-08;
  Bx_par[30] = -6.524635e-13;
  Bx_par[31] = -2.535833e-09;
  Bx_par[32] = 6.832743e-13;
  Bx_par[33] = -5.066337e-14;
  Bx_par[34] = 1.183030e-10;
}

