#include "BlochEq_nEDMField.hh"

void BlochEq_nEDMField::init_By_pars()
{
  By_par[0] = -2.247247e-14;
  By_par[1] = -9.914926e-16;
  By_par[2] = -3.301354e-05;
  By_par[3] = -1.853166e-16;
  By_par[4] = 1.585473e-17;
  By_par[5] = -1.917682e-05;
  By_par[6] = -3.625210e-13;
  By_par[7] = -1.745781e-17;
  By_par[8] = 1.140763e-13;
  By_par[9] = -2.211864e-17;
  By_par[10] = 8.948863e-18;
  By_par[11] = -1.461824e-06;
  By_par[12] = -4.027773e-14;
  By_par[13] = -3.513300e-08;
  By_par[14] = -1.188377e-18;
  By_par[15] = 1.328619e-14;
  By_par[16] = -5.081082e-12;
  By_par[17] = 9.253165e-19;
  By_par[18] = 2.793803e-10;
  By_par[19] = 4.185812e-19;
  By_par[20] = 1.257798e-18;
  By_par[21] = 3.480951e-08;
  By_par[22] = -3.762651e-15;
  By_par[23] = 2.577506e-08;
  By_par[24] = -1.669585e-14;
  By_par[25] = -5.792426e-20;
  By_par[26] = 1.337220e-15;
  By_par[27] = -6.031855e-13;
  By_par[28] = 6.797534e-15;
  By_par[29] = 3.229714e-19;
  By_par[30] = -2.214762e-10;
  By_par[31] = -7.818595e-16;
  By_par[32] = 4.306738e-20;
  By_par[33] = 2.391034e-16;
  By_par[34] = 7.535198e-21;
// Chisquare = 1.303865e-02
}

