#include "BlochEq_nEDMField.hh"

void BlochEq_nEDMField::init_Bz_pars()
{
  Bz_par[0] = -4.569045e-15;
  Bz_par[1] = -2.314735e-16;
  Bz_par[2] = -3.898552e-15;
  Bz_par[3] = 3.279596e-05;
  Bz_par[4] = 1.819356e-18;
  Bz_par[5] = -2.462027e-16;
  Bz_par[6] = -2.918878e-16;
  Bz_par[7] = 2.044521e-05;
  Bz_par[8] = 1.651858e-12;
  Bz_par[9] = 3.684995e-14;
  Bz_par[10] = 1.404235e-18;
  Bz_par[11] = -4.330028e-18;
  Bz_par[12] = 2.187904e-17;
  Bz_par[13] = 1.160081e-16;
  Bz_par[14] = 1.472091e-06;
  Bz_par[15] = 1.904544e-13;
  Bz_par[16] = -2.228685e-09;
  Bz_par[17] = -5.156811e-15;
  Bz_par[18] = -2.774842e-11;
  Bz_par[19] = -4.911588e-10;
  Bz_par[20] = 1.694933e-19;
  Bz_par[21] = 8.030788e-19;
  Bz_par[22] = 6.121282e-18;
  Bz_par[23] = 2.406933e-17;
  Bz_par[24] = -1.981428e-17;
  Bz_par[25] = -5.648494e-08;
  Bz_par[26] = 1.838577e-14;
  Bz_par[27] = 9.153967e-11;
  Bz_par[28] = 9.084421e-14;
  Bz_par[29] = -1.192786e-15;
  Bz_par[30] = -3.271539e-12;
  Bz_par[31] = 1.070909e-15;
  Bz_par[32] = 3.199481e-10;
  Bz_par[33] = 4.166196e-15;
  Bz_par[34] = 1.605836e-16;
// Chisquare = 5.347803e-02
}

